25476.695020110746554565
25620.360511829516326543
25299.192581360726762796
24503.161004025765578263
24340.799646540872345213
24822.310550888549187221
24477.717882210166862933
25301.835574623768479796
24957.311439829820301384
25520.078771132499241503
25180.480505833558709128
25738.838500873993325513
25197.819099942666071001
25820.195085028397443239
25499.875722022596164607
23872.139873843465466052
24165.129121234767808346
24168.177777333898120560
26083.157319618920155335
25197.109133974288852187
25007.337698980692948680
26595.149213655957282754
24832.724076788268575910
25018.605966050337883644
23560.479593549593118951
23432.086293010586814489
26034.857385189403430559
25292.840555842427420430
24384.872573360553360544
25740.161922848186804913
24635.750537358388100984
24566.543199913350690622
24345.120590683225600515
26046.355087774736603023
25656.918582746657193638
24608.569397930681589060
25539.272366115790646290
24525.307992166261101374
25002.942685118330700789
24348.442947457180707715
24764.129013071666122414
24237.389457403813139535
24503.081150258338311687
24343.041547101140167797
25485.354787404525268357
25210.653261638923140708
25986.855466124972735997
23962.683121710859268205
25991.233765695516922278
24120.249080336961924331
24645.054365834359487053
24989.706243348460702691
26266.650897449431795394
25521.409846453225327423
25384.769281272972875740
23875.697907569945527939
24542.700094823798281141
25466.033982375527557451
24480.951941808212723117
25496.183303092719143024
24898.232696908995421836
24891.538103406652226113
23449.319905601809296058
24399.879162363420618931
24899.330236614867317257
24811.433871336586889811
25005.098966987956373487
25018.376097933771234239
25159.440504968068125891
24661.721489491839747643
25117.256847990709502483
25271.834600874008174287
26551.167078632075572386
26291.408267013768636389
24622.505305187216436025
25249.428828698695724597
25293.160195820582885062
24852.813747429077920970
25447.827127274067606777
25352.207068794901715592
25443.405856010762363439
25814.221665888282586820
26385.927276875230745645
26506.566618084751098650
25726.738042978126031812
24437.327181886641483288
26331.784085681509168353
25923.819273481905838707
23771.248998111655964749
26230.053200048743747175
25427.232574091587594012
25162.898416743486450287
25123.551826714028720744
24771.774632051135995425
24519.523536043925560080
25921.074877251692669233
25270.916197350888978690
24581.529630684228322934
24999.398229498507134849
24240.346243396845238749
