2.499999999999999112
2.499999999999999112
2.500000000000001332
2.499999999999996891
2.500000000000004441
2.500000000000001776
2.499999999999996447
2.499999999999993783
2.499999999999994671
2.499999999999998668
2.500000000000002220
2.500000000000003997
2.500000000000003553
2.499999999999996447
2.499999999999998224
2.499999999999997335
2.500000000000001776
2.499999999999998224
2.500000000000007105
2.499999999999998668
2.499999999999995559
2.500000000000003997
2.499999999999996447
2.500000000000000888
2.500000000000001776
2.500000000000001332
2.499999999999999112
2.500000000000001332
2.499999999999996891
2.499999999999999556
2.499999999999998224
2.500000000000007105
2.500000000000002220
2.500000000000005773
2.499999999999996891
2.500000000000003109
2.499999999999998668
2.499999999999995559
2.500000000000005773
2.500000000000004885
2.499999999999997335
2.499999999999996891
2.500000000000000888
2.499999999999995559
2.499999999999998668
2.499999999999998668
2.499999999999994227
2.500000000000002665
2.499999999999998668
2.500000000000000000
2.499999999999999112
2.499999999999997335
2.500000000000001776
2.499999999999996447
2.499999999999998668
2.500000000000003553
2.500000000000000888
2.500000000000002220
2.499999999999994227
2.500000000000000888
2.500000000000000444
2.500000000000001332
2.499999999999997780
2.499999999999999556
2.499999999999997335
2.499999999999998668
2.500000000000003553
2.499999999999996891
2.499999999999998224
2.500000000000001332
2.500000000000000888
2.500000000000001332
2.500000000000003997
2.500000000000000888
2.500000000000002665
2.500000000000000888
2.500000000000000000
2.499999999999996003
2.499999999999998668
2.500000000000000000
2.500000000000008438
2.499999999999997335
2.500000000000006217
2.500000000000002220
2.500000000000005329
2.499999999999996447
2.500000000000000888
2.500000000000000444
2.499999999999993783
2.500000000000000888
2.499999999999997335
2.500000000000005773
2.500000000000000888
2.499999999999998668
2.500000000000003997
2.499999999999998224
2.500000000000002665
2.499999999999998224
2.500000000000003997
2.499999999999998668
