2.499999999999992895
2.499999999999998668
2.499999999999994227
2.499999999999997335
2.499999999999996891
2.499999999999996447
2.499999999999996003
2.499999999999993783
2.499999999999995115
2.499999999999997780
2.499999999999993783
2.499999999999999556
2.499999999999999112
2.499999999999996003
2.499999999999999556
2.499999999999997780
2.499999999999998668
2.499999999999999112
2.500000000000000000
2.499999999999999112
2.499999999999996003
2.499999999999994227
2.499999999999996003
2.499999999999995559
2.499999999999997780
2.499999999999996891
2.499999999999997335
2.499999999999996891
2.499999999999996003
2.499999999999996003
2.499999999999994671
2.499999999999996447
2.499999999999996891
2.499999999999996003
2.499999999999999556
2.500000000000000888
2.499999999999997780
2.499999999999993339
2.500000000000000000
2.500000000000003109
2.499999999999994671
2.499999999999997780
2.499999999999996003
2.499999999999996003
2.499999999999999112
2.499999999999996891
2.499999999999995559
2.499999999999996447
2.499999999999995115
2.499999999999999112
2.499999999999997335
2.499999999999993783
2.499999999999995115
2.499999999999992895
2.499999999999996891
2.499999999999996891
2.500000000000000444
2.499999999999996003
2.499999999999998224
2.499999999999996003
2.499999999999998224
2.499999999999999556
2.499999999999996447
2.499999999999998668
2.499999999999996447
2.499999999999996891
2.499999999999995559
2.499999999999996891
2.499999999999997335
2.499999999999996003
2.499999999999995559
2.499999999999994671
2.499999999999994227
2.499999999999996003
2.499999999999996003
2.499999999999997780
2.499999999999994671
2.499999999999998668
2.499999999999998224
2.499999999999996003
2.500000000000000444
2.499999999999995559
2.499999999999996003
2.499999999999995115
2.499999999999996003
2.499999999999997335
2.499999999999995559
2.499999999999993783
2.499999999999995559
2.499999999999995559
2.499999999999994671
2.499999999999996447
2.499999999999996447
2.499999999999996447
2.499999999999997335
2.499999999999996003
2.499999999999997335
2.499999999999995559
2.499999999999996003
2.499999999999995559
