26038.912307260619854787
25172.054681056659319438
24997.550810392494895495
25835.119090131080156425
23984.411558983745635487
24957.852592223360261414
25074.493369733740109950
24256.628078401445236523
25476.612662386894953670
25155.664635045504837763
25859.271641799921781057
24925.376442144312022720
25272.174271250514721032
25322.544388402624463197
25037.491421725255349884
25418.694223524435074069
24690.443318184345116606
25767.897161430078995181
24408.324671008445875486
25807.489260952010226902
26313.757771500295348233
23975.371107051694707479
24579.264045292140508536
24196.130608790579572087
24951.002086956581479171
26000.015686367358284770
25830.131579926339327358
25251.832805118137912359
24325.831045204740803456
24701.692414396100502927
25417.939093399716512067
24650.296987698839075165
24330.925206267987960018
25917.459737902958295308
24838.900038895833858987
25342.285510694971890189
24011.019647983255708823
24445.600075287718937034
26714.660728088212636067
24915.743863721570960479
25552.823154487919964595
24705.200147706433199346
24585.385910235127084889
26091.039310035452217562
25759.239403431922255550
25818.261014123178028967
25785.672760497876879526
24202.993635932056349702
25963.664837335672928020
26323.318954875117924530
25374.247194644667615648
24912.395412433594174217
24539.068574453885958064
23818.585934534603438806
24899.472878186352318153
25864.563027041993336752
25671.595012987731024623
25737.624597795591398608
24634.414700134733720915
24460.491927686060080305
24156.070127368653629674
23507.533147250363981584
25154.276106143246579450
25823.971171867720840964
25914.314163679089688230
25513.044697090204863343
25999.275885310533340089
26399.757897556486568647
25066.294844921307230834
25414.402119459115056088
26413.828001478894293541
26393.838538594292913331
26715.166831670772808138
24940.082281556628004182
25819.172110072900977684
25895.782435025485028746
24513.607090179524675477
26116.471180609496514080
25985.624352209542848868
24328.750183805914275581
24639.971978424848202849
24198.959522874913091073
26336.579991616934421472
25051.916190914329490624
26619.086778849385154899
25086.281456169599550776
25017.929380574245442403
24294.572004034092969960
25366.646746272101154318
25303.591397622709337156
24763.069700558666227153
25087.608648997771524591
25456.038455928457551636
24514.040369672417000402
24610.335135045454080682
26122.871877844081609510
24652.865614999482204439
25672.398018339288682910
25542.912013066201325273
25221.464100113935273839
