0.000000000000001428
0.000000000000000021
-0.000000000000000011
0.000000000000000006
0.000000000000000006
0.000000000000000043
0.000000000000000719
-0.000000000000000053
0.000000000000000706
0.000000000000000748
0.000000000000000032
-0.000000000000000725
0.000000000000000046
-0.000000000000000003
-0.000000000000000019
-0.000000000000000685
0.000000000000000773
0.000000000000000713
-0.000000000000000013
-0.000000000000000039
-0.000000000000000714
0.000000000000000018
-0.000000000000000017
-0.000000000000001481
0.000000000000000002
0.000000000000000055
0.000000000000000053
0.000000000000000046
-0.000000000000000017
-0.000000000000000062
0.000000000000002134
-0.000000000000000016
0.000000000000000043
0.000000000000000709
0.000000000000000742
0.000000000000000005
0.000000000000000024
-0.000000000000000055
-0.000000000000000016
-0.000000000000000008
0.000000000000000020
-0.000000000000000766
-0.000000000000000001
-0.000000000000000028
-0.000000000000000022
-0.000000000000000052
-0.000000000000000031
-0.000000000000000025
-0.000000000000000023
0.000000000000000043
0.000000000000000734
-0.000000000000000026
0.000000000000000001
-0.000000000000000016
0.000000000000000021
0.000000000000000027
-0.000000000000001420
0.000000000000000024
-0.000000000000000015
0.000000000000000001
0.000000000000000060
-0.000000000000000054
-0.000000000000000725
-0.000000000000001533
-0.000000000000000035
-0.000000000000000748
-0.000000000000000698
0.000000000000000015
-0.000000000000000737
-0.000000000000000021
-0.000000000000000637
-0.000000000000000036
0.000000000000000058
-0.000000000000000004
0.000000000000000653
-0.000000000000000028
0.000000000000000717
0.000000000000000004
-0.000000000000000697
-0.000000000000000793
0.000000000000000018
-0.000000000000000683
0.000000000000000025
0.000000000000000711
-0.000000000000000033
0.000000000000000706
-0.000000000000000045
-0.000000000000000018
-0.000000000000000038
-0.000000000000000024
0.000000000000000023
0.000000000000000021
0.000000000000000773
0.000000000000000704
0.000000000000000001
-0.000000000000000006
-0.000000000000000739
0.000000000000000750
-0.000000000000000011
-0.000000000000000002
