2.499999999999998668
2.499999999999999556
2.500000000000000444
2.500000000000000888
2.500000000000000000
2.499999999999999112
2.500000000000000000
2.500000000000000000
2.500000000000000000
2.500000000000000444
2.499999999999999112
2.500000000000000000
2.500000000000000000
2.500000000000000444
2.499999999999999556
2.499999999999999556
2.500000000000000444
2.499999999999999556
2.500000000000000000
2.500000000000000444
2.500000000000000000
2.499999999999999556
2.500000000000000888
2.500000000000000000
2.500000000000001332
2.500000000000000000
2.499999999999998224
2.500000000000000000
2.499999999999999556
2.500000000000000444
2.500000000000000000
2.500000000000000000
2.499999999999999556
2.500000000000000000
2.499999999999999112
2.500000000000000000
2.500000000000000000
2.499999999999999112
2.500000000000001332
2.500000000000000444
2.500000000000000888
2.500000000000000000
2.500000000000000000
2.500000000000000444
2.499999999999999556
2.500000000000000000
2.499999999999999556
2.500000000000000444
2.500000000000000444
2.500000000000000444
2.500000000000000444
2.499999999999999556
2.500000000000000444
2.500000000000000000
2.500000000000000444
2.499999999999999112
2.500000000000000000
2.499999999999999556
2.500000000000000000
2.500000000000000444
2.500000000000001332
2.500000000000000000
2.500000000000000444
2.499999999999999556
2.499999999999999112
2.499999999999999556
2.500000000000000000
2.499999999999999112
2.499999999999998668
2.500000000000000888
2.500000000000000444
2.500000000000000444
2.500000000000000000
2.500000000000000000
2.499999999999999112
2.500000000000000888
2.500000000000000000
2.499999999999998668
2.500000000000000888
2.499999999999999556
2.500000000000000888
2.500000000000000000
2.499999999999999112
2.500000000000000444
2.500000000000001332
2.499999999999999556
2.500000000000000444
2.499999999999999556
2.500000000000000444
2.500000000000000000
2.500000000000000444
2.500000000000000000
2.500000000000000000
2.500000000000000444
2.500000000000000000
2.499999999999999556
2.500000000000000444
2.500000000000000444
2.500000000000000444
2.499999999999999556
